95
99
84
93
94
100
110
93
90
101
111
97
101
113
97
128
117
99
106
110
110
103
111
108
100
107
118
92
102
101
99
102
81
88
80
123
107
119
101
104
80
86
87
101
106
136
180
263
361
451
496
475
403
315
213
152
108
111
106
107
101
129
100
91
108
99
107
101
104
100
99
98
92
89
120
120
95
113
110
114
113
109
122
108
108
101
121
126
123
114
129
129
122
113
110
126
134
142
129
144
147
149
143
150
143
141
171
160
150
158
171
168
169
156
166
169
178
166
179
165
158
156
155
160
131
131
122
131
123
130
106
118
123
109
113
135
124
118
119
113
104
103
122
115
117
119
118
108
107
105
104
121
112
115
112
102
108
124
134
120
121
118
113
124
113
109
120
117
120
113
103
123
111
139
124
121
114
131
130
128
122
110
124
116
115
111
116
124
127
117
120
106
120
112
130
134
122
117
114
118
128
103
115
126
114
127
134
118
116
107
123
140
132
142
136
125
111
97
115
123
118
129
127
122
105
124
140
150
145
145
145
129
130
146
147
149
144
145
153
136
130
135
145
133
133
127
98
119
144
132
131
112
145
136
117
112
110
139
124
147
143
135
145
144
160
245
317
426
506
518
489
402
319
226
178
154
154
158
146
137
126
131
134
141
141
156
119
138
121
157
129
132
137
131
143
144
144
143
115
152
120
136
146
146
156
133
141
145
140
136
146
134
141
152
139
168
143
162
170
165
170
185
177
169
197
181
211
200
199
218
210
207
194
212
199
204
194
185
188
169
181
168
150
164
169
158
136
165
142
139
145
128
139
145
134
152
148
139
152
138
157
147
164
143
139
158
138
164
144
140
144
151
139
136
129
125
123
152
143
159
124
154
169
148
131
134
152
140
142
142
141
157
157
157
138
142
141
128
155
151
154
147
154
140
152
141
151
136
145
143
147
131
139
144
129
155
144
150
142
153
158
146
133
147
163
145
150
158
147
143
150
134
145
160
150
145
140
153
153
140
149
153
150
153
146
141
145
133
167
149
159
159
178
154
163
156
144
157
150
149
156
156
154
175
161
159
165
166
174
172
170
162
166
155
158
141
167
126
175
148
155
157
159
133
135
138
159
154
155
152
165
146
159
145
138
140
162
215
281
383
470
528
532
461
393
289
221
195
176
166
180
156
162
170
141
156
154
169
145
148
134
158
167
144
142
155
141
158
140
142
159
155
149
147
153
160
153
139
180
181
163
158
160
158
164
164
176
164
151
167
168
159
187
180
186
179
211
184
195
194
195
200
220
205
208
212
228
222
221
212
198
212
182
194
192
172
170
169
153
141
144
149
156
134
158
156
145
164
151
156
155
142
156
153
163
162
148
122
148
177
169
153
147
149
143
154
138
148
149
161
152
143
160
134
146
159
157
162
142
152
141
154
149
148
144
146
148
149
157
145
135
151
182
152
146
149
144
144
152
133
174
151
148
162
149
150
147
147
138
143
123
152
140
143
141
147
141
129
137
149
130
168
141
149
134
141
147
130
154
140
172
138
146
120
142
161
154
151
160
144
147
130
142
149
141
136
141
143
139
143
125
122
152
148
159
136
145
155
153
138
160
151
135
119
151
124
147
135
161
152
144
159
179
151
156
172
175
167
164
153
146
154
139
142
127
153
148
149
141
135
131
140
128
122
142
144
155
154
151
135
118
136
154
145
127
113
110
135
202
269
378
478
532
519
445
367
265
195
161
143
143
142
123
113
150
130
146
153
120
138
109
138
142
128
136
130
133
127
130
129
138
139
139
122
137
135
124
124
121
138
116
113
139
120
125
120
139
136
155
153
159
140
151
155
170
158
172
158
183
162
189
181
171
183
183
207
200
189
194
179
166
179
162
171
164
158
157
152
137
134
138
129
142
107
132
138
142
118
130
123
117
107
102
132
130
111
136
128
122
124
122
120
111
120
117
99
97
124
120
116
135
102
120
105
114
122
103
120
109
124
116
95
122
130
106
131
121
136
117
114
111
122
131
118
127
101
100
86
101
90
105
95
91
104
94
90
111
100
107
99
107
84
94
122
91
102
110
113
106
109
101
120
99
75
62
89
97
83
99
115
99
117
95
108
97
92
99
93
93
102
98
112
89
92
92
83
102
95
93
119
109
113
101
96
101
110
109
91
96
79
88
86
91
99
115
88
103
96
100
81
88
101
113
116
127
108
105
136
113
110
112
121
108
119
97
95
98
103
77
65
99
81
106
96
87
78
93
86
114
91
102
116
106
85
93
92
86
141
195
287
366
445
487
446
386
296
181
119
114
104
93
105
98
113
82
84
88
88
94
84
95
87
95
88
102
88
112
108
97
82
76
91
91
103
99
108
117
99
88
73
80
80
88
93
109
96
108
100
114
99
93
114
122
121
114
120
125
129
131
121
129
159
136
139
133
140
159
164
149
129
123
119
132
112
123
113
112
109
82
96
113
75
96
102
96
107
91
72
93
93
78
85
76
80
70
90
76
73
66
73
84
84
82
88
68
81
71
76
70
75
71
47
81
76
77
78
82
86
66
89
49
80
66
82
69
81
75
85
88
94
77
75
60
89
85
92
63
64
58
74
59
78
52
75
72
57
51
61
93
54
57
78
70
60
74
68
61
67
61
66
63
70
60
78
70
67
62
85
64
72
67
75
55
63
57
75
71
61
51
51
54
66
40
75
66
69
68
59
48
67
50
68
82
58
65
52
51
89
51
46
76
84
62
68
62
67
62
65
72
68
61
66
71
60
60
73
83
73
70
63
73
87
67
75
95
87
66
69
89
58
89
71
74
64
55
59
57
55
58
52
68
56
51
58
72
54
57
79
69
60
67
102
162
252
335
412
452
406
307
237
144
90
65
85
75
72
75
72
63
68
44
55
45
49
70
52
38
57
54
44
59
44
39
47
47
63
50
63
72
58
66
59
64
67
65
62
64
76
77
75
61
74
94
93
95
83
82
72
82
111
101
108
89
96
115
124
115
111
129
132
131
129
133
129
111
98
116
102
72
77
60
69
80
89
50
61
55
74
58
68
63
48
79
57
63
37
62
52
57
48
50
46
46
78
70
42
71
60
67
46
61
50
51
53
71
48
61
44
49
57
49
54
63
43
64
64
55
44
65
45
44
56
62
52
48
43
48
52
42
74
54
64
36
51
58
27
63
32
42
57
41
63
62
52
31
43
57
51
38
34
46
49
46
38
51
58
54
48
74
54
46
54
31
42
45
62
61
58
49
28
45
34
33
34
52
48
70
49
54
43
50
40
32
42
57
57
48
53
51
27
42
14
60
65
42
61
67
85
79
59
74
77
59
56
78
56
66
50
54
49
60
72
65
59
62
54
57
49
60
43
56
39
37
55
78
61
47
51
55
55
26
55
69
72
112
218
297
388
452
452
400
298
214
122
83
64
68
76
58
45
60
31
59
37
58
38
54
50
53
55
63
70
38
60
55
58
51
49
66
51
76
73
64
73
54
72
57
50
51
68
64
64
65
76
72
85
87
98
81
80
98
95
96
102
107
104
113
114
102
125
106
104
135
116
130
104
117
112
87
91
78
92
89
88
66
66
65
67
64
65
48
68
70
93
68
51
71
56
70
48
62
73
58
50
55
66
62
47
52
52
58
68
83
70
57
67
51
50
92
74
56
57
55
56
69
46
43
73
53
72
69
48
66
72
42
54
70
69
69
61
63
64
55
55
48
51
52
54
71
45
59
55
77
42
72
53
59
47
57
66
54
60
44
60
66
50
48
51
66
68
53
52
65
35
65
73
96
63
46
46
47
58
60
58
51
73
77
63
66
63
71
66
78
42
49
47
70
59
58
71
55
52
72
69
85
81
81
66
57
63
66
46
74
47
78
49
60
71
50
59
66
63
89
77
67
72
81
89
92
72
85
65
76
89
86
102
82
79
95
95
65
73
82
88
64
64
89
71
83
48
79
62
69
54
73
41
68
86
67
84
78
84
75
101
170
250
345
419
480
432
381
291
199
135
103
93
90
85
86
92
57
68
79
49
80
69
82
63
76
72
75
87
82
80
77
74
75
84
74
85
48
60
76
63
67
82
107
87
91
79
91
82
84
82
103
93
99
118
122
108
117
108
117
135
115
137
124
148
131
122
129
136
141
164
132
133
109
126
114
117
125
124
111
101
119
87
109
85
94
83
89
86
85
94
110
88
95
69
77
83
87
74
77
92
87
76
85
75
78
88
73
69
87
86
97
108
69
83
78
81
92
75
80
77
73
91
88
93
76
92
103
76
75
93
73
95
86
87
84
82
87
90
86
102
91
79
82
76
90
71
70
79
75
88
66
93
85
85
67
83
78
85
85
87
64
85
79
90
86
81
86
95
86
93
78
75
78
98
87
91
88
87
78
90
112
79
87
100
78
92
80
91
95
93
90
89
86
95
83
96
69
98
68
107
82
105
84
101
92
96
86
87
102
94
92
75
88
91
95
101
101
93
94
85
111
122
113
119
125
99
121
120
110
125
115
117
96
127
100
104
115
109
122
109
101
97
113
112
81
112